3.858480797068240542e-01
2.542324099746648969e+00
9.780853419779370839e+00
9.432275833323672032e+00
3.144167070479900072e+00
7.828300360084447185e+00
1.107077166668563528e+01
5.046456789686063260e+00
7.618483271978619964e-01
-2.788432695608605627e+00
-2.660544468453511779e+00
3.664709984376655072e+00
3.147882285612274345e+00
-1.356654258446937966e+01
-1.782422363127120590e+01
-7.915917082904679880e+00
-4.511902507290493247e+00
-7.249098880288258329e+00
-3.028245901444098998e+00
2.762939963891335449e+00
5.067286676068735396e+00
2.042066811411981764e+00
5.944556142966241019e+00
5.181845302706435952e+00
1.497925264556591030e+00
-1.387324202648818394e+00
7.204537925361719886e+00
7.522913189745910501e+00
-3.204432556065462734e+00
-9.534272377310669455e+00
5.587238047857890244e+00
1.173040537924546811e+01
6.102704720313979259e+00
-4.465675384792609087e-02
-8.618802116969183302e+00
-9.592932034923927986e+00
-5.809142797069630770e-01
7.111671303997016969e-01
-7.373447328331542927e+00
1.350788094935678352e+01
1.884025914619786590e+01
-1.369982470955512399e+00
-1.198685447543902960e+01
-7.479494074861744224e+00
5.644451649423380957e-01
-1.178159694058649620e+01
-1.226765532468376030e+01
-3.772118325995743149e+00
3.139490456987685807e-01
1.586556792223102974e+00
-3.935991471902765326e+00
1.507447684227689821e+00
4.592613576075732063e+00
-5.374998496394018943e+00
-3.144297078177488158e-01
8.458242096267882815e+00
3.091615190678231873e-01
3.933584843430951050e+00
1.616967729104522533e+01
1.461659790797566139e+01
-7.892057761265304450e+00
-1.594312404621711465e+01
-1.446176405246912822e+01
-2.477598429460800133e+01
-1.785791755009501358e+01
-1.824467414365489759e+01
-6.474254160193917862e+00
1.153337589874336722e+01
2.166377896849310503e+01
1.821969691745813025e+00
-6.632311524405908543e+00
-1.815592199342360935e+00
9.049252238603092025e+00
-4.178808554379267015e+00
-6.170395547607141928e+00
-3.916376289612666817e+00
9.727114450672717183e+00
7.791085660238368682e+00
-2.416744843179173152e+00
9.492803858771241110e+00
1.542119785048937786e+01
5.201647283343842965e+00
-8.878707454469424221e+00
-1.774642255304246419e+01
-4.012883095527457478e+00
-7.749138024475686892e-01
1.315020431906422482e+00
1.474992801528390807e+01
9.314058425202819791e+00
4.972509263328187323e+00
-2.540635537787464329e-02
-8.066046844833813623e+00
-1.456724601572820710e+01
-1.419624626573617121e+01
-1.283560134211823911e+00
1.243140630416351478e+01
-2.554594488881093417e-01
4.142181006628229412e-01
-6.971054530303244512e+00
-7.861950643480597911e+00
2.762263432644357586e+00
-4.407666475180145760e+00
-7.646818860270353291e+00
-1.168958799629052869e+01
-7.024484905318698402e+00
-6.801161858336092436e+00
-4.211548113060914922e+00
2.276680184892480696e+00
-3.109765396485717481e+00
4.212030714738499881e+00
-8.217423855817166611e+00
-4.460611703208464007e+00
1.047975762206651673e+01
-4.169235530505386755e+00
-1.042327991625992034e+01
-4.550272062492428660e+00
5.072247782102123459e+00
9.474797051000953374e+00
7.349645626435722390e-01
-8.862379931292398538e+00
-1.163362743354392714e+00
1.069352805883169744e+01
8.624891816830563940e+00
1.465495556056626292e+00
-1.190283024697416003e+01
-2.934530134900416698e+00
3.300825735785913650e+00
1.986620444646060468e+00
2.148932509091200593e+00
-7.376158482139623551e+00
6.520732860347593807e+00
3.524751006673511711e+00
-5.383018237695945674e-01
-5.643141244770548681e+00
1.038916843364632570e+01
5.577122880839491259e+00
-1.020380267993119183e+01
5.508846991420194072e+00
7.416779610236278408e+00
2.097818635489350658e+00
6.197384674021111373e+00
1.687270510621558373e+01
3.071606319686690956e+00
2.761593932740373347e+00
4.223696159061061550e+00
5.066148040014299525e+00
-1.173095605772731309e+00
-2.237246927404124008e+01
9.066662048647283756e-01
5.784746487214504462e+00
-9.053277490234337699e-02
-8.795879020350156452e+00
-4.577087192661219106e+00
2.724583598660296868e+00
-9.857140273293839572e-01
-7.418444810864499583e-01
-6.461818049886035809e+00
-1.346174114075719430e+01
1.004963321133456411e+01
9.124844625952643895e+00
-4.068804531359010213e+00
-1.201790914752334238e+01
-5.555217578151902202e+00
-1.168692723789978949e+01
-2.130871191949640675e+01
2.200063981513928901e+00
4.805377901808545182e+00
5.548099288279614960e+00
8.262321697091207895e+00
9.290516805594441152e+00
-9.138435103195108322e-01
-1.219946935206075089e+01
-2.022234382652000306e+01
-1.935967059897634845e+00
3.952584494638847534e+00
-1.676891139709737999e+01
-1.505402011822961761e+01
5.414432670879723908e+00
3.690209930628070900e+00
-2.329477988192658611e+00
6.796291383410939524e+00
8.316450607531478134e-01
4.673508763973844182e+00
1.591050736589721204e+01
7.414677611817468872e+00
-8.023219429638095423e-01
-1.878613379438171638e+00
1.619988142940210807e+01
-2.217234763587022872e+00
4.748381560516045319e+00
1.613425008664054872e+01
1.110748827274397499e+01
-5.121365764420480637e+00
-7.352237752534620085e+00
-2.643056712358331950e+00
4.153914841572592387e+00
4.737504042493638323e+00
-3.799843519437636541e+00
-1.794552873064765741e+00
-8.923945164964125487e-01
-1.395047093057722165e+01
-1.215594651213256050e+01
7.220097901537277707e+00
1.303895432119181308e+01
6.180338685125526865e+00
1.170657794105829197e+01
-5.717199970751178029e+00
-7.732702634828389598e+00
-1.076879080789817422e+01
-4.610298003537687705e+00
9.769555480820734772e+00
-5.393041010742026131e+00
-1.382976512038792016e+01
-1.118812606661595410e+01
-1.355527750137801313e+01
1.432378667301314223e+01
1.026106500155541390e+01
2.279941424261989980e+00
-4.579363872709308336e-01
4.381369161208040097e+00
9.428956366986168902e+00
6.499133346074635220e+00
9.325982412044764303e+00
9.270765313700110255e+00
7.974193629970728558e+00
-1.279158586363968508e+00
-6.998855979852677933e+00
-1.922809046989522042e+00
3.487617995504280977e+00
4.176198248204079810e+00
3.942606149974184238e+00
-7.641516679193118833e+00
-1.549563750685127062e+01
2.139986505358328017e+00
1.735594217686544027e+01
3.126316817445890184e+00
-9.650755220515138788e+00
-1.201450139604872236e+00
1.492540895632412301e+01
-6.799456414702611085e+00
-2.774849264007570593e+00
1.212166160537472592e+01
2.960594768798561205e+00
3.521617858077071839e-01
5.706110516893192930e+00
-6.151302065275395137e+00
-1.085324270040736216e+01
-1.686173386626589732e+01
1.321739737869060960e+00
8.474965583047522344e+00
1.200424199111041901e+01
6.183091746575829717e+00
-8.365850790498802425e+00
1.081895566290722588e+00
7.084369027581908007e+00
1.103927591828714405e+01
1.453404925178047691e+01
9.349725104205960591e+00
-1.131431981265198505e+00
-1.330743472547561090e+00
-1.212319309142474211e+01
-1.396423641944475991e+00
2.598956657235032885e+00
3.957060758409702395e+00
6.814093841412721453e+00
1.354570576780787050e+01
1.025815856811586535e+01
-1.659410610878392234e+01
-1.461765867590805001e+01
1.294564864751356659e+01
9.071306940082029868e+00
-1.137668528732305440e+01
-8.437340787787846352e+00
-1.326718795475587243e+01
-3.622048349533197431e+00
2.204077559737914971e+00
6.300450056666478282e+00
1.660680407618299714e+00
-1.021089870502758679e+01
-2.531585635120403577e+00
-3.757428101413644028e-01
-1.739491840876431894e+01
-1.068440630143956582e+01
1.622006006076680551e-01
1.589876613798808513e+01
1.402607452887243866e+01
7.195463034731268692e+00
7.792961196892491671e-01
1.496509640824678078e+00
6.784775390787144644e+00
3.853083571732762724e-01
-6.941363123247642264e+00
-6.552967744600654676e+00
7.531990034017283620e+00
3.250984726345971687e+00
-1.823253862046176010e+01
-5.586334394715684049e-01
1.889645675224953791e+01
1.778083236086173713e+01
-2.359995251272846595e+00
-5.426819211688838962e+00
-7.284523214816581493e+00
-1.084052516719923176e+01
-1.057969670435329235e+01
-1.789914618358996234e+00
3.778954919152204717e+00
-1.404935716429015713e+01
-1.506813443759011051e+01
-9.748810132347115243e+00
-8.687543809075126688e+00
-4.883305977831319922e+00
-2.872451576893470637e+00
1.442166744549767232e+00
2.371444908557798215e+00
-4.288624197110447511e+00
-1.092530529153251884e+01
-1.211047609778513845e+01
5.929317960957535050e+00
1.517059037879036332e+01
1.739688817325149683e+00
-6.794627406480903353e+00
6.051710886513839149e+00
9.377945846605173941e+00
-2.650307104702254168e+00
-4.999105871542883328e+00
9.555292828138430394e+00
1.762494426714092910e+01
5.479735543970200240e+00
-3.012127768734877087e+00
1.829214766435047546e+00
1.300670924571878606e+00
7.459980399136482809e+00
1.050100586655634949e+01
1.171389380026407601e+01
4.578925097395590171e+00
7.301691849859964778e-02
-5.512156744733401226e+00
-5.146506230083202738e+00
5.493511828087673798e+00
9.445590039171207764e+00
1.168993572727361929e+01
-2.171169567064247019e+00
-4.674530798705360368e+00
-2.305166585518305666e+00
-8.242002743845461055e+00
-9.292497426240883485e+00
2.593509342952667662e+00
5.455157458849097196e+00
4.705503280401571509e+00
-7.146455523927521813e-01
5.672065752976561903e+00
4.310126177680681181e+00
-8.082072338095070307e+00
-2.939107355956614320e+00
-2.289501842654927177e+00
-9.670012405579115011e+00
-5.717363833577429055e+00
3.629435641787753131e+00
7.175276167889416357e+00
3.094521198749610735e-01
9.289698239830983084e+00
9.169167536558424203e+00
1.382302600893281774e-01
1.325994216836332784e+00
-4.239770636664240477e+00
-5.125181656130187058e+00
5.042962287606540528e+00
5.758240455346596676e+00
3.178785937352182511e+00
-1.306397891520413301e+00
-6.962064975567832548e+00
-1.123572424772795841e+00
4.574003916281445647e+00
8.899273636132628340e+00
1.763324622773963313e+01
4.068166106771073487e+00
4.121105160856847860e+00
-3.789146881523806520e+00
-1.186863018546554294e+01
-2.041424489743871007e+01
-7.967651126175827159e+00
-8.177817312954466900e+00
1.289907489168741206e+00
6.632472286633887215e+00
-2.359267153044843024e+00
5.407374097928338230e+00
-2.027468788546593625e+00
-4.988839557609002995e+00
-1.421286963724673447e+00
-7.033002588146994860e+00
-1.599838129134754716e+01
-9.617002933114267904e+00
-1.017154555513338288e+01
7.953043118054460292e-01
1.216143341820774548e+00
5.078914277377946540e+00
5.216628190865083781e+00
5.862594741758367922e-01
-3.013895795718206205e+00
-6.398343791281773107e+00
-3.199899455402136494e-01
-4.249549916659323578e+00
2.876051229225037309e-01
-1.035819008845064459e+01
-2.049695364373470774e+00
6.448870728865378155e+00
9.530494078799357283e+00
7.555442284156201893e+00
3.220924885366514001e+00
4.956935468236200570e+00
9.650711904497104143e+00
1.190522059535533117e+01
9.175707150305859372e+00
1.184224664712657926e+01
-1.496585560607071042e+00
-3.438981838487741971e+00
-2.204597080275044974e+00
4.720078018953977605e-01
1.397660320830236502e+00
2.738620391761937167e+00
-5.884917867036367767e+00
-1.043866170181777520e+01
-2.571499725358183497e+00
-1.017962033126832866e+00
2.479295122172666233e+00
-2.438462836186597871e-01
-3.784783016287727730e-01
-9.829772478015470938e+00
1.853210933190606591e+00
-7.777021942947445199e-01
1.155850672628601528e+00
-3.510681993590813121e+00
-2.457991927220232853e+00
1.140359528181467574e+01
7.731648595396659829e+00
8.060225968145386943e+00
6.317023997673320679e+00
1.809002518640075108e+00
-1.320405065922515497e+00
-1.123691664900579568e+01
-8.520918062357807798e+00
3.631329785316605996e+00
9.503822134153971035e+00
-2.595422197993968449e+00
-1.301460609628856169e+01
-5.533646187969929464e+00
1.321577206381636138e+01
1.020794891794114889e+01
-7.973050725376931158e-01
-6.552111496931921408e+00
1.054368805846776391e+00
-5.589861873741368115e+00
-2.336102314458349927e+00
5.209265574722579117e+00
8.676513744548257634e+00
5.009374489435359123e+00
6.832694882633973066e+00
-8.094784118927421446e+00
-6.966917401841192792e+00
-2.682000550568280683e+00
5.868627030555187751e+00
8.300148213736129321e+00
-3.690149798822444982e+00
-3.377187641053632117e+00
6.529407288365611350e+00
-9.007440670188748832e-01
-5.347782216515438058e+00
-9.777828082072401727e+00
-1.050109535763510682e-01
7.799629704352400772e+00
3.380630270647261071e+00
-1.842788968370232539e-01
-5.814104299763739547e+00
-3.582490316727548474e-01
-4.708189665188219353e-01
-5.137634498859858567e+00
-1.359962129715259138e+01
-2.122672818987673959e-01
4.227429277361120619e+00
3.177741571386667463e+00
1.008145510240002451e+01
8.006841476867380791e+00
-1.530825974703023284e+00
1.090974791129862176e+01
8.066020203893103258e+00
5.888093746805401985e+00
-6.023436480476506816e+00
-1.338419953459667688e+01
1.909615422272558982e+00
1.010186275078054763e+01
-2.242952816636893665e-01
-2.347839724922475835e+00
3.824604903219133600e+00
5.395676221957462104e+00
-4.542601497567768654e+00
-6.915778956591524640e+00
-1.799861513714640371e-01
7.563323541499565650e+00
1.290865286086358132e+01
1.294501631717938395e+01
-1.729597723281043775e+00
-2.437825941554270681e+00
7.584317382003512575e-01
2.614417034530153394e+00
6.482404028064763679e+00
-2.735391871810072928e+00
3.802502434721310998e+00
6.086501865933976241e+00
2.720999897761612107e+00
-1.851799325133512308e+00
-1.727350766653965053e+01
-3.313587113941920848e+00
5.150715832606315381e+00
6.483966233366106557e+00
-5.918258214275534002e+00
-1.389994093982084955e+01
-4.687897952352948039e+00
4.470559255722356795e+00
-9.514803792884453104e-01
-1.111562615340436366e+01
-4.456499940986171637e+00
5.545503674655902215e-02
-3.859841317885961409e+00
-2.690592678481261046e+00
3.806603295913152607e+00
4.793589056733437381e+00
3.946631002855943482e+00
3.284540543485482966e-01
-1.121223337605028680e+00
-2.857815184105127138e+00
-2.909823881150975122e+00
-1.251193267427840539e+00
7.862883083815731311e+00
-1.262585710146016815e+01
-2.549498316238716811e+00
3.266685406157451066e+00
-5.687830793356836168e-01
2.515293761517564120e-01
-8.528688348374689809e+00
-1.274807548088671583e+00
7.921964314932000484e+00
1.033672353792444731e+01
1.271268310750320429e+00
-3.564389196173499030e+00
-1.321514452991847444e+00
4.081410152671685054e+00
6.903977271606285271e-01
-1.816344809353852119e+00
5.292890450103759470e+00
5.143286679828182884e+00
6.312624881069475613e+00
1.122774435506170176e+00
1.018210746141779532e+00
-6.534919159920784537e-01
-1.817845963121449859e+00
-2.719760851238185229e+00
-9.808463259605197493e+00
-1.056537218697850555e+01
-3.193191123013900956e+00
2.936160107125821206e+00
3.960890266186333442e+00
-1.905766816348755910e+01
-1.606207742768970093e+01
-2.217815611113501451e+00
1.422219449704574368e+00
1.697111876032031397e-01
-5.253612532919455624e+00
3.283032042095290204e-01
6.402981274558666946e+00
8.746837827927683051e+00
7.964764745872855656e+00
3.469314444215660487e+00
5.526113997984872128e+00
1.475899969102619735e+01
1.001855176384641588e+01
-2.810723026893890975e+00
-5.962690111071060173e+00
-4.709428952313478689e+00
-7.209712760508115714e-01
-2.207313108793976575e+00
-3.528014609359107823e+00
-4.006301202720060850e+00
-7.917329773039718965e+00
-8.057310817322640872e+00
-1.192672023598609243e+01
-1.152333260109933022e+01
-6.384718831625564306e+00
1.025913535336740123e+00
-7.542873298538315119e-01
-1.815747588659147738e+01
-1.294603302732395100e+01
-1.889212480467729938e+00
3.467789522608905717e+00
5.699462744716301543e+00
5.114396146254480691e+00
1.011972195635805960e+01
3.296864122818213616e+00
7.929230416610486554e-01
-6.040122643899151100e+00
-7.461748935962726037e+00
-5.645042860377123439e+00
9.320219129266569258e-01
5.618478523848871475e+00
5.403267957904850149e+00
6.820685080750982898e+00
5.671324971607044629e-01
1.769794505931439499e+00
-1.355769289364915586e+00
5.243466206797715579e-01
3.874666545433447684e+00
6.161821743499205084e+00
5.794744777732291574e+00
4.728827143197413818e+00
3.643102107815408441e+00
-5.628798661902916223e+00
-1.039619707284461647e+01
-1.282342836790129326e+01
-6.767301896821826368e+00
-4.739806826233174952e+00
8.801492620880460027e-01
4.858758622134291549e+00
-7.249416817125622914e-02
3.648126298411249913e+00
8.875996513375996599e+00
7.453853573003673461e+00
5.780124665521651828e+00
4.382511280167411982e+00
7.472429384827255383e+00
5.858638621382572076e+00
4.039775632848705555e+00
-2.936594733145094338e+00
-6.154313066294791135e+00
-2.951427844846633342e+00
-2.101694957572120881e+00
-1.136044097947040310e+00
-5.021007363877287411e+00
-5.458776152211771482e+00
1.772200467059130702e+00
-1.881738421480238621e+00
-1.453236640619354780e+01
-1.559715191651348576e+01
-9.860293897495113313e+00
-7.781896920383903016e+00
-3.307068454548731218e+00
-2.461987333967041280e+00
6.446515354227165595e+00
-5.422879426230244881e-01
-1.343663748230758924e-02
3.404737830018462752e+00
-8.431178989572073235e+00
-5.637693940023214445e+00
-2.474652971078585839e+00
-3.679632540164753607e+00
-4.238803565148255181e+00
-7.378504249969667361e-01
4.541035042521254006e+00
1.177037903434338673e-01
-6.986046153193329999e+00
-1.537072246864032365e+01
-1.148953641904429723e+01
-4.932558998393671068e+00
-4.107555057187399328e+00
-4.077157286923719148e+00
-4.361161750320560415e+00
-3.988361640940992547e+00
5.065027176191096103e+00
4.720526953167634154e+00
4.236263746564464805e-01
4.714233352979754876e+00
6.010540812736013372e+00
6.457947540565513123e+00
4.158875038547971137e+00
1.168597426943857265e+00
8.336703714669807752e+00
3.640012538355262617e+00
9.185360576349693718e-01
1.896768076609540055e+00
-7.755650564437716055e-01
-1.197110375824391326e+01
-1.113948815475960608e+01
-1.659126656334196648e+00
1.277391185099209459e+00
2.406859770172129931e+00
7.391457913511674249e+00
6.536941360042954230e+00
1.649043762063089780e+00
-1.312144503614851132e+00
2.154375670304099266e+00
1.584011072458385128e+00
-3.805407909901008523e-01
-1.612176312740456030e+00
-2.823069883520501477e+00
-1.590208575447052131e-01
1.244648029893849639e+01
1.509608796615747472e+01
1.046264483146640423e+01
6.353789585902378967e+00
6.540530625823055999e+00
2.806531733783314664e+00
6.574458871633605206e+00
1.341376926421803617e+01
7.723327999366351726e+00
7.129796486129767352e+00
6.525748857382169810e+00
6.318544050656196731e+00
3.432744041674811619e+00
2.283468365853598581e+00
-9.322335470885385611e-01
2.257701761455283673e+00
-2.515458834635632801e+00
-3.265773069743260759e+00
5.681778524772086447e-01
-7.388213972712849298e-01
-7.444369480148383289e+00
-6.354009745243801355e+00
2.366009750719072713e+00
2.573300442032357971e+00
3.652781464125997690e+00
-1.936863239634970313e+00
-6.781029352870741711e+00
-1.624844202149116734e+00
6.109505027401921140e+00
1.028183602734697999e+01
7.659395104310479319e+00
-3.598209531232239300e-01
1.539675109583413359e+00
2.030033758176788439e+00
3.145510835055759458e+00
1.066750692891056929e+01
-2.224740958139572733e+00
-4.687017018504359811e+00
-4.502701989902586632e+00
-4.944339199375981764e+00
-6.135987266123671624e+00
-4.948620327771005023e+00
-2.420418267461931894e+00
-2.560047665639559877e+00
-3.445827279748237881e+00
-4.442800918768413432e+00
9.432995491865676652e-01
-1.486527642662843318e+00
-6.407229999552310318e+00
-8.888262771445866461e-02
8.930711098662806435e+00
9.990488746159060796e+00
5.699694599597296296e+00
1.344570995545168346e+00
-5.180553817738322131e+00
-3.782218544928627413e+00
7.436668671850034107e-01
3.867243394454620287e+00
5.995024445166734495e+00
6.576593691039714251e+00
2.781223029081568932e+00
-1.203902865120565491e-01
6.123331329480390384e-01
-1.214165142510208240e+00
9.870937261083783554e+00
6.617409089064993921e+00
3.001975535831713504e+00
-2.672292806970831602e+00
-2.190459272958888093e+00
2.143349983775500345e+00
7.612206668075175209e+00
6.495294947633412086e+00
4.405990757655589896e+00
-5.192127413959115451e-02
4.272730164216943294e+00
1.050238447968231448e+01
9.979500798949539231e+00
6.664686527508428604e+00
5.459945985527681067e+00
8.068190245080909762e+00
8.110445953218482273e+00
7.261445853023481334e+00
-3.044929506638212491e+00
-4.785467000389620473e+00
-1.895777848970335633e+00
8.281522552024122019e-01
3.951830495714792058e+00
2.439866525546382281e+00
1.785791522974074175e+00
1.077105680662124587e-01
-3.721445424676897762e+00
-7.972561183471720270e+00
