5.039989322470863620e-01
5.760825472152995008e-01
-3.981223453486661956e-01
-1.934747559700746022e-02
-3.932185331703585973e-01
-5.321226252062302708e-02
-3.613776087567785456e-01
3.551768910249853417e-01
-1.819362623607590213e-01
2.490961374112942717e-01
7.570014638804986595e-02
4.740077760022806119e-01
3.334715012072557161e-01
6.846693015789189207e-01
-1.154974560755019641e-01
5.283839752467932582e-01
2.192858328310503258e-01
1.405818844991577610e-01
4.645075940081296317e-01
3.039406222862000573e-01
7.279080101750876608e-01
2.450215663116773468e-01
5.767283550719127794e-01
7.998236876615276436e-02
5.815288647850248571e-01
8.200353017843761139e-01
5.829439502070291601e-01
8.038486883732043342e-01
1.999830787275918287e-01
9.315657584724332807e-01
3.234869820225531184e-02
3.475540788862045982e-01
3.735604702913877806e-01
4.282268127156454440e-01
-3.499961476961943596e-01
-4.785614622519858141e-01
2.583419033312009394e-01
2.624989061776780708e-01
-1.821962856914520201e-01
5.190889522607082807e-01
3.055087622224806343e-01
-4.215223780228014028e-02
-2.379703038152859995e-01
5.170992533721922024e-01
6.429952125157260001e-01
-2.437275896406720377e-01
2.085043875032263905e-01
5.241696891764890953e-02
4.752439710390777838e-01
7.593045576754999804e-01
2.249753192719108896e-01
7.119657844616020248e-02
1.398300390147622085e-01
2.180559801241224449e-01
-1.906920332339839819e-01
1.032654856526711747e-02
4.313044557534439494e-01
1.567846292486544113e-01
3.567897735856631058e-01
6.860347573472198590e-01
4.223623435632462009e-01
3.225397429070857580e-01
1.346119479853141732e-01
3.775371613640233215e-01
-4.155466253426132184e-02
3.718186796133631233e-01
1.385195166133718903e-01
3.098617020941982769e-01
2.980270139580546984e-01
4.910587417967163248e-01
9.519500645812279949e-01
1.279264628903457268e+00
4.813086090523939764e-01
8.229697750646132182e-01
1.589440369177150258e-01
2.455534412320902193e-01
-1.567644858979188802e-02
4.487625495465212278e-01
3.542328178378801318e-01
-2.848944059543823126e-01
-4.771976312188124236e-01
-1.837491533097640461e-01
1.934818480945884878e-01
-5.045727512851931884e-01
-1.208420937645498516e-01
1.093375323171675087e-02
-3.508699402741508599e-01
-2.244851733720460429e-01
-2.394830773587168227e-01
